image_width: 1280
image_height: 720
camera_name: picam_local
camera_matrix:
  rows: 3
  cols: 3
  data: [1426.482190777565, 0, 623.483164465589, 0, 1426.016223259843, 367.486727119955, 0, 0, 1]
distortion_model: plumb_bob
distortion_coefficients:
  rows: 1
  cols: 5
  data: [-0.01683897557468417, 0.0478358450933687, 0.00277413156984251, -0.001084144160531398, 0]
rectification_matrix:
  rows: 3
  cols: 3
  data: [1, 0, 0, 0, 1, 0, 0, 0, 1]
projection_matrix:
  rows: 3
  cols: 4
  data: [1425.607666015625, 0, 622.029091558019, 0, 0, 1424.536499023438, 368.2301323918182, 0, 0, 0, 1, 0]
